7.0161,0.11354,-0.10027,-0.13705,-0.10969,-0.055259,0.30614,-0.13097,-1.0807,-0.22349
0.11354,0.15943,0.065615,-0.17303,-0.042835,0.04834,-4.0842,0.029474,0.12618,0.18111
-0.10027,0.065615,-7.4264,0.076441,0.035924,-0.091393,-0.16966,-0.13351,0.14907,0.23622
-0.13705,-0.17303,0.076441,-0.23326,-0.30088,6.2837,-0.14006,6.313,-0.093443,-0.051523
-0.10969,-0.042835,0.035924,-0.30088,0.23557,0.26625,-0.12533,-0.026308,-0.30181,-0.035292
-0.055259,0.04834,-0.091393,6.2837,0.26625,-6.0272,-0.2281,-0.050159,0.096554,-0.35172
0.30614,-4.0842,-0.16966,-0.14006,-0.12533,-0.2281,-0.040871,-0.25121,0.083296,-0.084573
-0.13097,0.029474,-0.13351,6.313,-0.026308,-0.050159,-0.25121,0.4275,0.29757,-0.022341
-1.0807,0.12618,0.14907,-0.093443,-0.30181,0.096554,0.083296,0.29757,-0.00066011,-0.062227
-0.22349,0.18111,0.23622,-0.051523,-0.035292,-0.35172,-0.084573,-0.022341,-0.062227,-0.040274
